(Transform "BSplineTransform")
(NumberOfParameters 216)
(TransformParameters 32.459402 37.319992 36.645124 34.357776 29.895596 24.613335 18.764268 12.888067 7.417566 2.214164 -1.405580 -9.087226 34.194689 40.565106 41.944735 34.613950 23.292091 20.743613 16.384955 11.375490 5.486318 -0.581447 -5.035331 -13.571287 31.703350 38.810625 41.655580 34.431533 24.361896 15.328785 14.189573 12.243784 6.049649 -0.882537 -5.882605 -14.632319 27.833937 33.756737 36.816709 29.744837 7.766816 -1.004477 14.372213 13.613365 6.284162 -1.619561 -7.045800 -15.678679 23.768594 24.341594 24.066175 14.812244 -2.121255 -4.253794 15.712348 13.472584 4.932191 -3.569308 -8.872427 -16.712926 19.844666 14.794039 10.964760 2.761747 -6.063669 -3.583161 8.267934 9.408392 1.705730 -6.423023 -11.178595 -17.873588 15.909497 8.856282 4.386721 -1.859030 -6.865576 -5.477507 0.760380 1.766710 -3.736365 -9.785915 -13.591676 -18.938918 12.654447 5.579420 1.783422 -2.580704 -5.559700 -5.982905 -4.599662 -5.272972 -8.547362 -12.414504 -15.334990 -19.501257 5.577244 -0.035751 -2.411742 -4.995759 -6.750128 -8.198237 -9.450670 -10.745001 -12.190184 -14.014522 -15.740435 -17.514859 -12.187859 -7.476585 -4.864324 1.216509 9.217398 15.208833 18.855506 22.727923 27.258295 31.525030 34.725235 36.469978 -11.345116 -7.449104 -6.735193 1.636479 12.709520 16.456023 24.064940 30.073955 34.568429 38.840017 42.523854 44.676791 -9.536894 -4.181291 -4.212647 -4.745029 -0.358719 6.783422 24.479519 32.833384 36.250351 39.410464 42.775803 44.995345 -8.090513 -0.982992 -0.239262 -4.008520 4.465101 4.996609 25.030869 33.307681 35.547811 38.178368 41.512052 44.209649 -8.794671 -0.830969 1.422472 0.481389 -2.980517 -7.410768 18.508228 26.662601 30.136176 34.382317 38.640022 42.664439 -11.015350 -3.596275 -0.755766 -1.470242 -5.419268 -2.412340 10.037352 17.223701 23.506612 29.918432 35.299164 40.905999 -14.194610 -9.243075 -7.188551 -6.720639 -7.579361 -4.490626 2.914643 10.962606 18.411895 25.841068 31.684397 38.470358 -16.812692 -14.359597 -13.356479 -11.896956 -9.862684 -5.844735 0.221899 7.396060 14.936088 22.549397 28.388234 35.800927 -17.953515 -17.135832 -16.179687 -14.094063 -10.942703 -7.104370 -2.681015 2.589192 8.394132 14.361252 18.903279 25.636793)
(InitialTransformParametersFileName "NoInitialTransform")
(UseBinaryFormatForTransformationParameters "false")
(HowToCombineTransforms "Compose")

// Image specific
(FixedImageDimension 2)
(MovingImageDimension 2)
(FixedInternalImagePixelType "float")
(MovingInternalImagePixelType "float")
(Size 170 113)
(Index 0 0)
(Spacing 1.0000000000 1.0000000000)
(Origin 0.0000000000 0.0000000000)
(Direction 1.0000000000 0.0000000000 0.0000000000 1.0000000000)
(UseDirectionCosines "true")

// BSplineTransform specific
(GridSize 12 9)
(GridIndex 0 0)
(GridSpacing 19.0000000000 19.0000000000)
(GridOrigin -20.0000000000 -20.0000000000)
(GridDirection 1.0000000000 0.0000000000 0.0000000000 1.0000000000)
(BSplineTransformSplineOrder 3)
(UseCyclicTransform "false")

// ResampleInterpolator specific
(ResampleInterpolator "FinalBSplineInterpolator")
(FinalBSplineInterpolationOrder 0)

// Resampler specific
(Resampler "DefaultResampler")
(DefaultPixelValue 0.000000)
(ResultImageFormat "mhd")
(ResultImagePixelType "short")
(CompressResultImage "false")
